EOS_VT:JWL::HMX
{
	V_ref = 0.527983; T_ref = 3519.17
#	P_ref = 16.1863; e_ref = 0.00000
	  V0    = 0.527983; 	  e0    = 0.00000
	  A     = 858.081; 	  R1    = 4.30600
	  B     = 7.54653; 	  R2    = 0.800000
	  C     = 0.781009
	  omega = 0.300000
	Edet    = 5.80781
	Cv      = 0.00100000
	Tcj     = 3000.00; 	Scj     = 0.00140111
	#Vcj     = 0.391643; 	Pcj     = 40.5058
	#Dcj     = 9.10054; 	ucj     = 2.35001; 	ccj     = 6.75053
}
