Base info
EOSv2.0.1 : Jan. 5, 2013 : Please report bugs to rtm@lanl.gov

Type info
PeSplinev2.0.1 : Jan. 5, 2013 : Please report bugs to rtm@lanl.gov

EOS:PeSpline::PMMA-hydro; units=hydro::std
{
	V_ref = 0.843882; e_ref = 0
#	P_ref = 0.0001; T_ref = 300
	     V0 = 0.843882; 	     e0 = 0
	     P0 = 0.0001; 	     T0 = 300; 	     S0 = 0
	     G0 = 0.7; 	     G1 = 0.7; 	     G2 = 1
	     Cv = 0.001
	   Vmin = 0.590717
	  dPdV0 = -7.08039
	  dPdV1 = -102.623
	  dedV0 = 0
	  dedV1 = -19.4245
	#n_data = 30
	Pref(1) =          0,   0.065049,   0.136575,   0.212643,   0.291857
	eref(1) =          0, 0.000290841, 0.00126019, 0.00304425, 0.00575933
	Pref(6) =   0.373321,   0.456594,   0.541651,   0.628853,   0.718924
	eref(6) = 0.00949865,  0.0143351,  0.0203277,  0.0275304,  0.0360015
	Pref(11) =    0.81293,   0.912272,    1.01867,    1.13418,    1.26116
	eref(11) =  0.0458146,  0.0570695,  0.0699044,  0.0845077,   0.101131
	Pref(16) =     1.4023,    1.56061,    1.73946,    1.94255,    2.17399
	eref(16) =   0.120102,   0.141838,   0.166857,   0.195795,   0.229412
	Pref(21) =    2.43826,    2.74027,    3.08542,    3.47959,    3.92923
	eref(21) =   0.268611,   0.314442,   0.368121,   0.431034,   0.504753
	Pref(26) =    4.44138,    5.02377,    5.68481,    6.43374,    7.28063
	eref(26) =   0.591045,   0.691886,   0.809472,    0.94624,    1.10488
	#  K0=5.97501,  FD0=4.81645
	#Vmax=0.931486, Pmin=-0.310036
}
EOS_VT:PeSpline::PMMA-hydro; units=hydro::std
{
	V_ref = 0.843882; T_ref = 300
#	P_ref = 0.0001; e_ref = 0
	     V0 = 0.843882; 	     e0 = 0
	     P0 = 0.0001; 	     T0 = 300; 	     S0 = 0
	     G0 = 0.7; 	     G1 = 0.7; 	     G2 = 1
	     Cv = 0.001
	   Vmin = 0.590717
	  dPdV0 = -7.08039
	  dPdV1 = -102.623
	  dedV0 = 0
	  dedV1 = -19.4245
	#n_data = 30
	Pref(1) =          0,   0.065049,   0.136575,   0.212643,   0.291857
	eref(1) =          0, 0.000290841, 0.00126019, 0.00304425, 0.00575933
	Pref(6) =   0.373321,   0.456594,   0.541651,   0.628853,   0.718924
	eref(6) = 0.00949865,  0.0143351,  0.0203277,  0.0275304,  0.0360015
	Pref(11) =    0.81293,   0.912272,    1.01867,    1.13418,    1.26116
	eref(11) =  0.0458146,  0.0570695,  0.0699044,  0.0845077,   0.101131
	Pref(16) =     1.4023,    1.56061,    1.73946,    1.94255,    2.17399
	eref(16) =   0.120102,   0.141838,   0.166857,   0.195795,   0.229412
	Pref(21) =    2.43826,    2.74027,    3.08542,    3.47959,    3.92923
	eref(21) =   0.268611,   0.314442,   0.368121,   0.431034,   0.504753
	Pref(26) =    4.44138,    5.02377,    5.68481,    6.43374,    7.28063
	eref(26) =   0.591045,   0.691886,   0.809472,    0.94624,    1.10488
	#  K0=5.97501,  FD0=4.81645
	#Vmax=0.931486, Pmin=-0.310036
}
